0 0.6890533625730993 0.9420077972709551 0.01882309941520468 0.037361923326835605
0 0.7044956140350876 0.9215399610136452 0.01644736842105263 0.036712150747238464
0 0.6900584795321637 0.8455165692007797 0.017543859649122806 0.0341130604288499
0 0.6654788011695906 0.7543859649122806 0.020285087719298246 0.03248862897985705
0 0.6757127192982456 0.7152371669915529 0.019188596491228067 0.03216374269005848
0 0.7154605263157894 0.6981806367771279 0.021198830409356724 0.042884990253411304
0 0.7401315789473684 0.6665042235217673 0.02448830409356725 0.043859649122807015
0 0.7380299707602339 0.5890188434048083 0.021381578947368418 0.03378817413905133
0 0.722953216374269 0.5354126055880442 0.015716374269005847 0.028589993502274202
0 0.704861111111111 0.5315139701104613 0.02010233918128655 0.036387264457439894
0 0.7304459064327485 0.4282001299545159 0.02046783625730994 0.036387264457439894
0 0.7252375730994152 0.3734567901234568 0.01882309941520468 0.03346328784925276
0 0.7025767543859649 0.30782975958414555 0.021747076023391813 0.04126055880441845
0 0.6682200292397661 0.30246913580246915 0.0133406432748538 0.023391812865497075
0 0.6612755847953216 0.32309941520467833 0.021381578947368418 0.03281351526965562
0 0.609375 0.3669590643274854 0.022478070175438597 0.03996101364522417
0 0.6184210526315789 0.4468810916179337 0.0222953216374269 0.02696556205328135
0 0.6104714912280701 0.4670240415854451 0.020285087719298246 0.037361923326835605
0 0.6156798245614035 0.5615659519168291 0.01864035087719298 0.03346328784925276
0 0.5868055555555555 0.5448343079922027 0.019005847953216373 0.03183885640025991
0 0.509594298245614 0.513157894736842 0.01991959064327485 0.036712150747238464
0 0.507218567251462 0.6086744639376218 0.01882309941520468 0.03216374269005848
0 0.4617141812865497 0.634990253411306 0.021381578947368418 0.03216374269005848
0 0.5052083333333333 0.6803118908382066 0.019554093567251463 0.037686809616634176
0 0.5637792397660818 0.6000649772579597 0.017909356725146198 0.03183885640025991
0 0.6365131578947368 0.6548083170890188 0.01864035087719298 0.03216374269005848
0 0.5985928362573099 0.7196231319038336 0.019554093567251463 0.03183885640025991
0 0.6016995614035088 0.7733918128654971 0.01663011695906433 0.03151397011046134
0 0.5563779239766081 0.7751786874593891 0.020650584795321635 0.036387264457439894
0 0.6174159356725146 0.8700454840805718 0.01882309941520468 0.03898635477582846
0 0.5882675438596491 0.9093567251461988 0.016812865497076022 0.036387264457439894
0 0.614766081871345 0.98408057179987 0.02448830409356725 0.03183885640025991
0 0.5471491228070176 0.9928525016244314 0.02010233918128655 0.014294996751137101
0 0.5143457602339181 0.9678362573099415 0.020650584795321635 0.037037037037037035
0 0.5491593567251462 0.8911630929174789 0.02010233918128655 0.03833658219623132
0 0.5169042397660818 0.8862897985705003 0.018457602339181284 0.03573749187784275
0 0.4962536549707602 0.7954840805717999 0.019554093567251463 0.036712150747238464
0 0.46134868421052627 0.8351202079272254 0.014437134502923976 0.03541260558804418
0 0.44572368421052627 0.8307342430149447 0.016812865497076022 0.03508771929824561
0 0.4576023391812865 0.98408057179987 0.020833333333333332 0.03183885640025991
0 0.3546235380116959 0.9889538661468485 0.02101608187134503 0.022092267706302793
0 0.39866593567251457 0.8783300844704353 0.01882309941520468 0.03866146848602989
0 0.4152046783625731 0.8731319038336581 0.01425438596491228 0.028914879792072773
0 0.42434210526315785 0.8503898635477583 0.011695906432748537 0.0198180636777128
0 0.4065241228070175 0.7709551656920077 0.01882309941520468 0.03443794671864847
0 0.4402412280701754 0.7222222222222222 0.02010233918128655 0.037037037037037035
0 0.41758040935672514 0.6926575698505523 0.019005847953216373 0.03378817413905133
0 0.3999451754385965 0.5826835607537362 0.0221125730994152 0.037361923326835605
0 0.4270833333333333 0.5100714749837556 0.023026315789473683 0.0396361273554256
0 0.4047880116959064 0.45419103313840153 0.023026315789473683 0.0396361273554256
0 0.45668859649122806 0.4070825211176088 0.02266081871345029 0.037686809616634176
0 0.544407894736842 0.43973359324236516 0.017178362573099414 0.02631578947368421
0 0.5293311403508771 0.43161143599740087 0.018092105263157895 0.03281351526965562
0 0.5034722222222222 0.39538661468486025 0.019371345029239765 0.03248862897985705
0 0.5300621345029239 0.33317089018843404 0.01991959064327485 0.0341130604288499
0 0.576297514619883 0.31189083820662766 0.02101608187134503 0.03248862897985705
0 0.5970394736842105 0.18778427550357374 0.016812865497076022 0.022742040285899934
0 0.5180921052631579 0.09389213775178687 0.014619883040935672 0.03378817413905133
0 0.5376461988304093 0.11127355425601039 0.0222953216374269 0.038011695906432746
0 0.5345394736842105 0.043209876543209874 0.02010233918128655 0.03508771929824561
0 0.49497441520467833 0.07521117608836907 0.012975146198830409 0.02111760883690708
0 0.4915021929824561 0.024691358024691357 0.015533625730994151 0.028589993502274202
0 0.46427266081871343 0.09372969460688758 0.01991959064327485 0.03216374269005848
0 0.4874817251461988 0.2165367121507472 0.01882309941520468 0.037361923326835605
0 0.4133771929824561 0.22709551656920077 0.024853801169590642 0.042884990253411304
0 0.44417032163742687 0.20110461338531513 0.021747076023391813 0.031189083820662766
0 0.40661549707602335 0.11062378167641325 0.01864035087719298 0.03476283300844704
0 0.24917763157894735 0.22530864197530864 0.00932017543859649 0.02111760883690708
0 0.2576754385964912 0.31773879142300193 0.013157894736842105 0.018843404808317088
0 0.2659904970760234 0.2774528914879792 0.022478070175438597 0.03183885640025991
0 0.36312134502923976 0.1770630279402209 0.024853801169590642 0.036387264457439894
0 0.2235014619883041 0.1770630279402209 0.012792397660818713 0.018843404808317088
0 0.24150219298245612 0.19314489928525014 0.014802631578947368 0.022417153996101363
0 0.23090277777777776 0.1166341780376868 0.020285087719298246 0.02794022092267706
0 0.31834795321637427 0.010071474983755685 0.021198830409356724 0.02014294996751137
0 0.3053728070175438 0.08966861598440545 0.023026315789473683 0.03833658219623132
0 0.2881944444444444 0.19834307992202727 0.017543859649122806 0.023066926575698504
0 0.31432748538011696 0.22579597141000649 0.02412280701754386 0.042884990253411304
0 0.38185307017543857 0.32878492527615333 0.0177266081871345 0.029889538661468484
0 0.34192251461988304 0.3432423651721897 0.02448830409356725 0.04256010396361273
0 0.34292763157894735 0.43177387914230014 0.025036549707602336 0.043534762833008445
0 0.3442068713450292 0.47173489278752434 0.0221125730994152 0.036387264457439894
0 0.29120979532163743 0.49139051332033784 0.02357456140350877 0.03996101364522417
0 0.3049159356725146 0.5690383365821962 0.02320906432748538 0.04126055880441845
0 0.3047331871345029 0.6585445094217024 0.0221125730994152 0.0396361273554256
0 0.3558114035087719 0.7664067576348278 0.02010233918128655 0.03313840155945419
0 0.3357090643274854 0.7871994801819363 0.0222953216374269 0.037686809616634176
0 0.3477704678362573 0.8114035087719298 0.012426900584795321 0.024366471734892786
0 0.3233735380116959 0.8469785575048733 0.021381578947368418 0.03443794671864847
0 0.3117690058479532 0.8414554905782976 0.013157894736842105 0.03313840155945419
0 0.27960526315789475 0.9165042235217673 0.020833333333333332 0.037686809616634176
0 0.22569444444444442 0.9808317089018843 0.019736842105263157 0.03443794671864847
0 0.21573464912280702 0.9891163092917479 0.020285087719298246 0.021767381416504222
0 0.1606359649122807 0.9524041585445093 0.019371345029239765 0.0341130604288499
0 0.20842470760233917 0.7748538011695906 0.02540204678362573 0.03833658219623132
0 0.2431469298245614 0.7383040935672515 0.01882309941520468 0.03151397011046134
0 0.2738486842105263 0.6864847303443794 0.024305555555555552 0.0396361273554256
0 0.23885233918128654 0.5821962313190383 0.023391812865497075 0.037686809616634176
0 0.1922514619883041 0.5558804418453541 0.025219298245614034 0.044184535412605586
0 0.22807017543859648 0.47173489278752434 0.02448830409356725 0.04158544509421702
0 0.17278874269005848 0.4632878492527615 0.023940058479532164 0.03443794671864847
0 0.22039473684210525 0.3934372969460689 0.025584795321637425 0.04093567251461988
0 0.18987573099415203 0.36549707602339176 0.02631578947368421 0.04028589993502274
0 0.15469663742690057 0.30084470435347627 0.02576754385964912 0.04028589993502274
0 0.14226973684210525 0.2399285250162443 0.0221125730994152 0.03996101364522417
0 0.14163011695906433 0.16975308641975306 0.02448830409356725 0.030864197530864196
0 0.18384502923976606 0.12686809616634176 0.023757309941520467 0.036712150747238464
0 0.10508040935672514 0.009096816114359974 0.02448830409356725 0.018193632228719947
0 0.09100877192982455 0.13953866146848604 0.023026315789473683 0.03216374269005848
0 0.08086622807017543 0.19623131903833657 0.021381578947368418 0.030539311241065625
0 0.11138523391812864 0.4051332033788174 0.0221125730994152 0.031189083820662766
0 0.12408625730994151 0.46588693957115007 0.017543859649122806 0.029889538661468484
0 0.11458333333333333 0.4788823911630929 0.01608187134502924 0.022092267706302793
0 0.0960343567251462 0.4842430149447693 0.0177266081871345 0.02761533463287849
0 0.133406432748538 0.563190383365822 0.021929824561403508 0.037361923326835605
0 0.08707967836257309 0.6192332683560753 0.023940058479532164 0.04093567251461988
0 0.1526864035087719 0.691358024691358 0.022478070175438597 0.04028589993502274
0 0.1388888888888889 0.7272579597141 0.023391812865497075 0.038011695906432746
0 0.13075657894736842 0.8568875893437297 0.02357456140350877 0.04126055880441845
0 0.07346491228070175 0.8557504873294346 0.02266081871345029 0.03573749187784275
0 0.1040752923976608 0.9101689408706952 0.020285087719298246 0.03281351526965562
0 0.08223684210526315 0.9520792722547108 0.01425438596491228 0.018518518518518517
0 0.07976973684210525 0.9730344379467186 0.018092105263157895 0.02794022092267706
0 0.05226608187134503 0.9606887589343729 0.02010233918128655 0.03183885640025991
0 0.004751461988304093 0.950454840805718 0.009502923976608187 0.029564652371669914
0 0.013888888888888888 0.8057179987004548 0.023026315789473683 0.037686809616634176
0 0.012518274853801168 0.7290448343079922 0.024305555555555552 0.037686809616634176
0 0.05665204678362573 0.6837231968810916 0.0266812865497076 0.036712150747238464
0 0.029970760233918127 0.5641650422352177 0.02266081871345029 0.0341130604288499
0 0.006761695906432748 0.5445094217024041 0.013523391812865496 0.02599090318388564
0 0.045504385964912276 0.5123456790123456 0.027412280701754384 0.03833658219623132
0 0.0222953216374269 0.38677712800519815 0.02631578947368421 0.03996101364522417
0 0.004751461988304093 0.3341455490578297 0.009502923976608187 0.029564652371669914
0 0.04303728070175438 0.2841130604288499 0.026133040935672515 0.04256010396361273
0 0.00804093567251462 0.21296296296296297 0.01608187134502924 0.028914879792072773
0 0.022843567251461985 0.12735542560103963 0.01608187134502924 0.022742040285899934
0 0.06012426900584795 0.054093567251461985 0.023757309941520467 0.03476283300844704
0 0.013797514619883041 0.06952566601689408 0.023940058479532164 0.03573749187784275
0 0.20367324561403508 0.6717024041585444 0.005665204678362573 0.012020792722547108
0 0.2306286549707602 0.6244314489928524 0.007309941520467836 0.009746588693957114
0 0.7971491228070176 0.7990578297595841 0.019371345029239765 0.036712150747238464
0 0.8050986842105262 0.5641650422352177 0.01991959064327485 0.04061078622482131
0 0.9911366959064327 0.15204678362573099 0.0177266081871345 0.04028589993502274
0 0.9354897660818713 0.13775178687459388 0.025219298245614034 0.03833658219623132
0 0.9467288011695906 0.06920077972709551 0.01991959064327485 0.02664067576348278
0 0.9823647660818713 0.01640675763482781 0.01663011695906433 0.03281351526965562
0 0.8954678362573099 0.016569200779727095 0.021929824561403508 0.03313840155945419
0 0.8722587719298245 0.05620532813515269 0.013157894736842105 0.01364522417153996
0 0.8319627192982456 0.02257959714100065 0.021381578947368418 0.03281351526965562
0 0.7599597953216374 0.19736842105263158 0.0177266081871345 0.03866146848602989
0 0.7041301169590642 0.2222222222222222 0.021198830409356724 0.037686809616634176
0 0.6104714912280701 0.2717673814165042 0.020650584795321635 0.03476283300844704
0 0.6342288011695906 0.21751137102014295 0.022843567251461985 0.03476283300844704
0 0.6094663742690059 0.08349577647823261 0.02046783625730994 0.03508771929824561
0 0.6024305555555555 0.09600389863547758 0.01882309941520468 0.037361923326835605
0 0.7093384502923976 0.03492527615334633 0.02357456140350877 0.03866146848602989
0 0.6876827485380117 0.09048083170890188 0.01864035087719298 0.03541260558804418
0 0.7838998538011696 0.06205328135152696 0.019554093567251463 0.031189083820662766
0 0.8072002923976608 0.11598440545808966 0.02010233918128655 0.03508771929824561
0 0.8196271929824561 0.16487979207277453 0.023391812865497075 0.04126055880441845
0 0.8609283625730993 0.22709551656920077 0.019371345029239765 0.030539311241065625
0 0.9217836257309941 0.21231319038336582 0.021198830409356724 0.03476283300844704
0 0.923062865497076 0.29889538661468484 0.023026315789473683 0.04093567251461988
0 0.8039108187134503 0.27436647173489276 0.01608187134502924 0.028265107212475632
0 0.7804276315789473 0.30003248862897985 0.021747076023391813 0.03346328784925276
0 0.8381761695906432 0.3300844704353476 0.02101608187134503 0.037686809616634176
0 0.8090277777777777 0.3477907732293697 0.02010233918128655 0.03996101364522417
0 0.8152412280701754 0.40025990903183883 0.021929824561403508 0.03573749187784275
0 0.7922149122807017 0.45987654320987653 0.01864035087719298 0.03281351526965562
0 0.9053362573099415 0.3791423001949318 0.01864035087719298 0.037037037037037035
0 0.9041483918128654 0.4491552956465237 0.02101608187134503 0.03996101364522417
0 0.9745979532163742 0.5164067576348278 0.013523391812865496 0.036062378167641324
0 0.9521198830409356 0.547270955165692 0.02448830409356725 0.04256010396361273
0 0.9068896198830408 0.5458089668615984 0.019554093567251463 0.036387264457439894
0 0.910361842105263 0.6322287199480181 0.01882309941520468 0.03508771929824561
0 0.9555921052631579 0.6358024691358024 0.01827485380116959 0.031189083820662766
0 0.9816337719298245 0.627030539311241 0.021381578947368418 0.04028589993502274
0 0.9713998538011696 0.674301494476933 0.018457602339181284 0.036062378167641324
0 0.9670138888888888 0.7878492527615334 0.019554093567251463 0.03573749187784275
0 0.989766081871345 0.8572124756335282 0.02046783625730994 0.04061078622482131
0 0.9097222222222222 0.6918453541260559 0.021564327485380116 0.036712150747238464
0 0.8153326023391813 0.6578947368421052 0.01882309941520468 0.03508771929824561
0 0.7888340643274854 0.7066276803118908 0.01991959064327485 0.03378817413905133
0 0.8220029239766081 0.7218973359324237 0.017909356725146198 0.029889538661468484
0 0.8779239766081871 0.7990578297595841 0.02046783625730994 0.03476283300844704
0 0.9210526315789473 0.817251461988304 0.021198830409356724 0.03996101364522417
0 0.903782894736842 0.8653346328784924 0.02540204678362573 0.04256010396361273
0 0.859923245614035 0.8905133203378817 0.01882309941520468 0.036387264457439894
0 0.987390350877193 0.9870045484080572 0.025219298245614034 0.02599090318388564
0 0.9078033625730993 0.9826185834957765 0.022843567251461985 0.03476283300844704
0 0.8754568713450291 0.9847303443794672 0.021381578947368418 0.030539311241065625
0 0.7472587719298245 0.839993502274204 0.02631578947368421 0.04580896686159844
0 0.7531980994152047 0.8552631578947368 0.012975146198830409 0.03281351526965562
0 0.8207236842105262 0.8879142300194931 0.011695906432748537 0.025341130604288498
0 0.7869152046783625 0.8937621832358674 0.016812865497076022 0.029239766081871343
0 0.816703216374269 0.9603638726445743 0.017909356725146198 0.04483430799220273
0 0.8045504385964912 0.9564652371669915 0.019554093567251463 0.03378817413905133
